-65169.5
-74478.0
-74478.0
-69116.0
-74478.0
-74473.0
-68974.5
-74478.0
-68835.0
-74436.5
-68676.0
-74478.0
-74478.0
-74478.0
-75666.5
-74478.0
-74478.0
-74478.0
-75666.5
-74478.0
-71223.5
-74478.0
-74478.0
-74288.0
-74478.0
-74478.0
-74478.0
-74478.0
-73919.0
-74478.0
-74478.0
-74478.0
-74478.0
-74478.0
-74478.0
-74478.0
-74478.0
-74478.0
-74478.0
-74478.0
-74478.0
-74478.0
-74478.0
-74478.0
-74478.0
-74478.0
-74478.0
-74478.0
-74478.0
-74478.0
-74478.0
-74478.0
-74478.0
-74478.0
-74478.0
-74478.5
-74478.5
-74478.5
-74478.5
-74478.0
-74478.0
-74478.5
-74478.0
-74478.0
-74478.5
-74478.5
-74478.0
-68913.0
-68754.0
-68912.5
-68005.5
-68912.5
-68005.5
-74478.0
-68174.0
-69082.0
-69445.0
-69081.5
-68020.5
-68174.5
-68535.5
-74478.0
-74478.0
-74478.0
-68600.5
-74478.0
-74478.0
-74478.0
-74478.0
-74478.0
-74478.0
-74478.0
-74478.0
-74478.0
-74008.0
-74008.0
-74478.0
-74478.0
-74478.0
-74478.0
-74478.0
-74478.0
-74478.0
-74478.0
-74478.0
-74478.0
-74478.0
-74478.0
-74478.0
-74478.0
-74478.0
-74478.0
-74478.0
-74478.0
-74478.0
-74478.0
-74478.0
-74478.0
-74478.0
-74478.0
-74478.0
-74478.0
-74478.0
-74478.0
-74478.0
-74478.0
-74478.0
-74478.0
-74478.0
-74478.0
-74478.0
-74478.0
-74478.0
-74478.0
-74478.0
-74478.0
-74478.0
-74478.0
-74478.0
-74478.0
-74478.0
-78951.5
-74478.5
-78952.0
-78951.5
-74478.0
-74478.0
-74478.0
-74478.0
-74478.0
-78951.5
-74478.0
-73324.0
-74478.0
-74478.0
-74478.0
-74478.0
-74478.0
-74478.5
-74478.0
-74478.5
-74478.0
-74478.0
-74478.0
-74478.0
-74478.0
-74478.0
-74478.0
-74478.0
-74478.0
-74478.0
-74478.0
-74478.0
-74478.0
-74478.0
-74478.0
-74478.0
-74478.0
-74478.0
-74478.0
-74478.0
-74478.0
-74478.0
-74478.0
-74478.0
-74478.0
-74478.0
-74478.0
-74478.0
-74478.0
-74478.0
-74478.0
-74478.0
-74478.0
-74478.0
-75666.5
-75666.5
-75666.5
-74478.0
-74478.0
-74478.0
-75666.5
-74478.5
-74478.0
-74478.0
-75666.5
-74478.5
-74478.0
-75666.5
-74478.5
-74478.0
-74478.0
-74478.0
-74478.0
-74478.0
-74478.0
-74478.0
-74478.0
-74478.0
-74478.0
-74478.0
-74478.0
-74478.0
-74478.0
-74478.0
-74478.0
-74478.0
-74478.0
-74478.0
-74478.0
-74478.0
-74478.0
-74478.0
-74478.0
-74478.0
-74478.0
-74478.0
-74478.0
-75666.5
-75666.5
-74478.0
-75666.5
-75666.5
-75666.5
-75666.5
-74478.0
-74478.0
-74951.5
-74627.0
-73919.0
-74478.5
-74478.0
-74478.0
-74478.0
-74478.0
-73919.0
-73919.0
-74951.5
-74951.5
-73919.0
-73922.0
-73919.0
-75666.5
-75428.5
-74478.0
-74478.0
-74478.0
-74478.0
-74478.0
-74478.0
-74478.0
-74478.0
-74478.0
-74008.0
-73919.0
-74008.0
-73919.0
-74478.0
-75006.5
-74478.0
-74478.0
-74478.0
-74478.0
-74008.0
-73919.0
-74478.0
-74478.0
-74478.0
-74478.0
-74478.0
-73919.0
-74478.0
-74478.0
-74008.0
-73919.0
-74478.0
-74478.0
-73919.0
-73919.0
-73919.0
-73919.0
-72664.5
-73919.0
-74478.0
-74240.5
-74951.5
-74951.5
-74478.0
-74478.0
-74478.0
-74478.0
-74478.0
-74478.0
-74478.0
-74478.0
-74478.0
-74478.0
-74478.0
-74478.0
-74478.0
-74478.0
-74478.0
-74478.0
-75666.5
-74478.0
-74478.0
-74008.0
-73919.0
-74478.5
-74478.0
-75666.5
-74478.0
-74008.0
-74478.0
-74478.0
-74478.0
-74478.0
-74478.0
-74478.0
-73919.0
-74008.0
-74478.0
-74478.0
-74008.0
-74478.0
-74478.0
-74478.0
-73876.0
-68601.0
-70308.5
-68153.5
-70130.0
-71065.5
-74478.0
-74478.0
-74478.0
-74478.0
-74478.0
-69140.5
-68124.5
-68440.0
-68472.5
-69081.0
-68467.5
-69378.0
-68532.0
-69156.0
-68100.0
-68100.0
-68286.0
-68153.0
-70400.0
-68446.0
-68331.5
-68261.0
-68709.0
-74478.0
-74478.0
-70784.5
-74478.5
-74478.0
-74478.0
-74478.0
-74008.0
-74478.0
-74478.0
-74478.0
-73984.5
-70444.5
-74478.0
-74478.0
-73919.0
-74478.0
-73919.5
-74478.0
-74478.5
-73919.5
-74478.5
-74478.5
-73919.0
-74478.0
-73919.0
-73919.0
-74478.0
-74478.0
-74478.0
-74152.0
-68331.5
-74478.0
-74478.0
-74478.0
-74478.5
-74478.5
-74478.5
-68600.5
-74478.0
-74478.0
-74478.0
-74478.0
-70592.5
-73876.0
-73984.5
-74008.0
-74478.0
-74152.0
-74478.0
-74039.0
-74478.0
-73876.0
-74478.0
-73876.0
-74478.0
-74478.0
-74478.0
-74478.0
-74478.0
-74478.0
-74478.0
-74478.0
-74478.0
-74478.0
-74478.0
-74478.0
-74478.0
-74478.0
-74478.0
-74478.0
-74478.0
-74478.0
-74478.0
-74478.0
-74478.0
-74478.0
-74478.0
-74478.5
-74478.0
-74478.0
-74478.0
-74478.0
-74478.0
-74478.0
-74478.0
-74478.0
-74478.0
-74478.0
-74478.0
-74478.0
-74478.0
-74478.0
-74478.0
-74478.0
-74478.0
-74478.0
-74478.0
-74478.5
-79519.5
-74478.0
-70077.5
-74478.0
-74478.0
-74478.0
-74951.5
-74951.5
-74478.0
-74478.0
-74478.0
-74478.0
-74478.0
-75666.5
-75666.5
-75666.5
-74478.0
-75666.5
-75666.5
-74478.0
-74478.0
-74478.0
-74478.0
-74478.0
-74478.0
-74478.0
-74478.0
-74478.0
-74478.0
-75666.5
-74478.0
-74478.0
-74478.0
-74478.0
-74478.0
-74478.0
-74478.0
-74478.5
-74478.5
-74478.0
-74478.0
-74478.0
-74478.0
-74478.0
-74478.0
-74478.0
-74478.0
-74478.0
-74478.0
-74478.0
-74478.0
-75666.5
-74478.0
-75666.5
-74478.0
-74478.0
-74478.5
-74478.0
-75666.5
-75666.5
-75666.5
-74478.0
-74478.0
-74478.5
-74478.0
-74478.0
-74478.0
-74478.5
-75666.5
-75666.5
-75666.5
-74478.5
-74478.0
-74478.0
-74478.0
-74478.0
-74478.0
-74478.0
-74478.0
-74478.0
-74478.0
-74478.0
-74478.0
-74478.0
-74478.0
-74478.0
-75666.5
-74478.0
-75666.5
-75666.5
-74478.0
-74478.0
-74478.0
-74478.0
-74478.0
-75666.5
-75666.5
-74478.0
-74478.0
-74478.0
-74478.0
-74478.0
-74478.0
-75666.5
-74478.0
-74478.0
-74478.0
-74478.0
-74478.0
-74478.0
-75666.5
-75666.5
-74478.0
-74478.0
-74478.5
-74478.0
-74478.0
-74478.0
-74478.0
-74478.0
-74478.0
-74478.0
-74478.0
-74478.0
-74478.0
-74478.0
-74478.0
-69693.5
-74478.0
-74478.0
-74478.0
-74478.0
-74478.0
-74478.0
-74478.0
-74478.0
-74478.0
-74478.0
-74478.0
-74478.0
-74478.0
-74478.0
-74478.0
-74478.0
-74478.0
-74478.0
-74478.0
-74478.0
-74478.0
-74478.0
-74478.0
-74478.0
-74478.0
-74478.0
-74478.0
-74478.0
-74478.0
-74478.0
-74478.0
-74478.0
-74478.5
-74478.5
-74478.0
-74478.0
-75666.5
-74478.0
-74478.0
-74478.0
-74478.0
-74478.0
-74478.5
-74478.0
-74478.0
-74478.0
-74478.5
-74478.0
-74478.0
-74478.0
-74478.0
-74478.0
-74478.0
-74478.5
-74478.0
-74478.0
-74478.0
-74478.0
-74478.5
-74478.0
-74478.0
-74478.0
-74478.5
-74478.5
-74478.5
-74478.0
-74478.0
-75666.5
-74478.0
-74478.0
-75666.5
-75666.5
-75666.5
-74478.0
-75666.5
-75666.5
-74478.0
-74478.5
-74478.0
-74478.0
-75666.5
-74478.0
-74478.5
-75666.5
-74478.0
-74478.0
-74478.0
-75666.5
-75666.5
-74478.0
-74478.0
-74478.0
-75666.5
-75666.5
-74478.0
-74478.5
-75666.5
-75666.5
-74478.0
-74478.0
-74478.0
-74478.0
-74478.0
-74478.0
-74478.0
-74478.0
-75666.5
-75666.5
-75064.5
-75666.5
-74478.0
-74478.0
-74478.0
-74478.0
-74478.0
-74478.0
-74478.0
-74478.0
-74478.0
-75666.5
-74478.0
-74478.0
-74478.0
-74478.0
-74478.0
-74478.0
-74478.0
-74478.0
-74478.0
-74478.0
-74478.0
-74478.0
-74478.0
-74478.0
-74478.0
-74478.0
-74478.0
-74478.0
-74478.0
-74478.0
-74478.0
-74478.0
-74478.0
-74478.0
-74478.0
-74478.0
-74478.0
-74478.0
-74478.0
-74478.0
-74478.0
